,City,Cloudiness,Humidity,Latitude,Max Temp,Wind Speed
0,naze,75.0,94.0,27.260058879278404,75.2,4.72
2,hasaki,75.0,94.0,29.650025218054267,75.2,18.34
3,talaya,0.0,86.0,60.43662253569309,51.99,2.59
4,hilo,90.0,88.0,22.08937299086162,78.8,3.36
5,east london,80.0,100.0,-56.11245991791531,57.84,9.64
6,lebu,56.0,88.0,-32.77172766175723,49.24,2.04
7,cape town,0.0,76.0,-48.669619967189924,50.0,11.41
8,derbent,0.0,87.0,42.73383823250839,64.36,1.81
9,lasa,0.0,61.0,34.463947912162894,82.4,4.7
11,pevek,12.0,100.0,78.89146506806208,39.61,2.82
12,port hedland,0.0,43.0,-19.267268772904373,51.8,5.82
13,cherskiy,0.0,69.0,79.07376300680937,48.66,2.93
14,port alfred,88.0,100.0,-70.73307216156931,54.69,7.96
15,ambo,92.0,94.0,-10.378655430340643,50.37,0.58
16,dali,80.0,100.0,25.96823780342207,61.08,2.15
17,hobart,75.0,61.0,-81.42851930447314,50.0,5.82
18,rikitea,12.0,100.0,-29.77752303796153,74.49,10.09
19,north bend,20.0,77.0,44.24036306564304,64.4,8.05
20,nikolskoye,0.0,76.0,56.18309396895745,57.2,6.71
21,busselton,64.0,100.0,-64.06899989302647,54.28,29.55
22,mayor pablo lagerenza,80.0,44.0,-19.297522666621816,66.12,17.36
23,georgetown,75.0,83.0,-17.579515345775974,80.6,6.93
24,gangtok,24.0,89.0,27.455145769151017,43.84,1.59
25,new norfolk,75.0,61.0,-44.31725816368401,50.0,5.82
26,teeli,68.0,94.0,51.317892746726926,48.48,2.37
27,hermanus,8.0,100.0,-47.35241493282246,33.04,3.6
28,souillac,0.0,64.0,-36.435640873353194,69.8,10.29
29,lokosovo,8.0,90.0,59.71129742716482,56.71,2.93
